Webots Project File version R2022a
perspectives: 000000ff00000000fd000000030000000000000087000003cafc0100000001fb0000001e00480074006d006c0052006f0062006f007400570069006e0064006f0077000000000000000087000000000000000000000001000006c0000003c8fc0200000001fb0000001400540065007800740045006400690074006f00720000000000000003c80000008b00ffffff00000003000006c0000000d9fc0100000001fc00000000000006c00000000000fffffffa000000000100000002fb0000001a0043006f006e0073006f006c00650041006c006c0041006c006c0100000000ffffffff0000000000000000fb0000001a0043006f006e0073006f006c00650041006c006c0041006c006c0100000000ffffffff0000000000000000000000000000000000000001000000020000000100000008fc00000000
simulationViewPerspectives: 000000ff0000000100000002000000fb000000000100000002010000000100
sceneTreePerspectives: 000000ff0000000100000002000000c0000000fa0100000002010000000200
minimizedPerspectives: 000000ff00000000fd000000030000000000000087000003cafc0100000001fb0000001e00480074006d006c0052006f0062006f007400570069006e0064006f00770000000000000000870000000000000000000000010000013900000342fc0200000001fb0000001400540065007800740045006400690074006f00720100000000000003420000008b00ffffff00000003000006c0000000d9fc0100000001fc00000000000006c00000009400fffffffa000000000100000002fb0000001a0043006f006e0073006f006c00650041006c006c0041006c006c0100000000ffffffff0000008700fffffffb0000001a0043006f006e0073006f006c00650041006c006c0041006c006c0100000000ffffffff0000008700ffffff000005850000034200000001000000020000000100000008fc00000000
maximizedDockId: -1
centralWidgetVisible: 0
projectionMode: PERSPECTIVE
orthographicViewHeight: 1
textFiles: 0 "controllers/my_controller/my_controller.py"
renderingDevicePerspectives: NAO:CameraBottom;1;0.266667;0;0
renderingDevicePerspectives: NAO:CameraTop;1;0.266667;0;0
