Webots Project File version R2022a
perspectives: 000000ff00000000fd0000000300000000000000870000041dfc0100000001fb0000001e00480074006d006c0052006f0062006f007400570069006e0064006f007700000000000000008700000000000000000000000100000279000002edfc0200000001fb0000001400540065007800740045006400690074006f00720000000000000002ed0000004500ffffff00000003000004fb000000d9fc0100000001fb0000001a0043006f006e0073006f006c00650041006c006c0041006c006c0100000000000004fb0000008700ffffff000004fb000002ed00000001000000020000000100000008fc00000000
simulationViewPerspectives: 000000ff0000000100000002000000fa000002c00100000002010000000100
sceneTreePerspectives: 000000ff0000000100000002000000c0000000fa0100000002010000000200
minimizedPerspectives: 000000ff00000000fd000000030000000000000087000003cafc0100000001fb0000001e00480074006d006c0052006f0062006f007400570069006e0064006f00770000000000000000870000000000000000000000010000013900000342fc0200000001fb0000001400540065007800740045006400690074006f00720100000000000003420000008b00ffffff00000003000006c0000000d9fc0100000001fc00000000000006c00000009400fffffffa000000000100000002fb0000001a0043006f006e0073006f006c00650041006c006c0041006c006c0100000000ffffffff0000008700fffffffb0000001a0043006f006e0073006f006c00650041006c006c0041006c006c0100000000ffffffff0000008700ffffff000005850000034200000001000000020000000100000008fc00000000
maximizedDockId: -1
centralWidgetVisible: 1
orthographicViewHeight: 1
textFiles: -1
consoles: Console:All:All
renderingDevicePerspectives: NAO:CameraBottom;1;1;0.0723363;0.428986
renderingDevicePerspectives: NAO:CameraTop;1;1;0.0723363;0.605797
